# Created by Octave 3.2.4, Sun Nov 06 18:20:10 2011 India Standard Time <unknown@unknown>
# name: theta
# type: matrix
# rows: 626
# columns: 1
 -0.01156020608748582
 -0.004638678110272767
 -0.002087411303954729
 -0.001935968101526257
 -0.002685330905967479
 -0.002083701783650784
 -0.001609565890643106
 -0.002953070710188649
 -0.002135184601536731
 -0.0006503513796002548
 -0.0003700117270265138
 -0.0005957218979850186
 0.000303178784751263
 -7.409197324796739e-005
 0.0006928295161357403
 -9.433045790492859e-005
 -0.0007021631013308567
 -0.002926822881272816
 -0.003660310732848232
 -0.003694140009101303
 -0.002700112799907118
 -0.002346401779660064
 -0.002356829697200503
 -0.002631625947766298
 -0.002159821447153837
 -0.001964907940101214
 -0.002671270308947335
 -0.000472084498774458
 -0.0003498253236524039
 -0.0001020284254076473
 -0.0004370888286920249
 0.001531435924830914
 0.001638891507718084
 0.001607710893575405
 0.001182355987648347
 0.000892734088700547
 -0.0002387297281092266
 0.0006612042188801452
 0.001000162407670974
 0.001531485642683658
 0.001065755817436733
 0.001383036531738641
 0.001922672495410592
 0.001544804028189542
 -0.0009312686227712582
 -0.001250795004901939
 -0.001147183830459974
 -0.0005451906686528978
 -3.548064717878474e-005
 5.337600082164851e-005
 2.934278326725961e-005
 -0.002057682547938126
 -0.001075765035835108
 -0.001664051235813845
 0.0005041704610230281
 0.001186342877951888
 0.0004811096757543373
 -0.0006273286724334717
 -0.000704921455058941
 0.0004402939020955471
 0.001457762019636868
 0.002122034394320028
 0.003435434909473657
 0.003862771476211064
 0.003602089684357759
 0.002048307101888581
 0.001000826277951671
 0.0003900275790248895
 3.528524000795447e-005
 0.001044278836162217
 0.0006131442169360237
 -0.002279937614207998
 -0.001492833575680135
 -0.0003405771044972639
 -5.181164390663652e-005
 3.913751157774701e-005
 -0.002660616057536335
 -0.0004468459696650468
 -0.00122907670240355
 -0.0008249738400294618
 0.0002117639509598539
 0.0004111108848749157
 -0.003841116223725739
 -8.042677815538998e-005
 0.002268906877682384
 0.003694303950279909
 0.004793137056020825
 0.004467456779997394
 0.003994080274442185
 0.004340786149437358
 0.003526794679080671
 0.004204293822352869
 0.00209475750904226
 -0.001316336293010654
 -0.0002476484625904564
 0.0009849106233790574
 -6.072147912612877e-005
 -0.00312139440693639
 -0.001040614533043824
 -0.000192070407471699
 5.043789679456375e-005
 -0.002438298784872966
 -0.001375640704732183
 0.001187894497648463
 -0.001811582313588794
 -0.0005599490547222235
 -0.001578302774115955
 0.0005295737580764795
 0.0007095358126163404
 0.001983178475966773
 0.003783430268589309
 0.002498070147482959
 0.001877928969212779
 0.001676896726831227
 0.002449533733105874
 0.003601594313121839
 0.002618311191804465
 0.0003680555449627153
 0.001221484438911351
 0.003185671628869177
 0.002615252394967948
 0.001200603230525959
 -0.003333604578924887
 -0.001253927847391068
 -0.00165567305535381
 -4.605803515541273e-005
 -0.00249637675291417
 -0.0008957714719681816
 0.001016160537436683
 0.0004635254393601715
 -0.001598488333223277
 -0.002812279535495063
 -0.0001928661745914128
 0.002650636483633842
 0.00037296640113515
 -0.00206310544004106
 -0.0004522588797955557
 0.0004593533820834726
 0.0007079301761406091
 0.0008590419623816152
 1.029821123903016e-005
 -0.002208769365538061
 -0.0007354762835686995
 0.0007542865444158183
 0.003099541315828947
 0.002798081310964966
 0.0008655142848291178
 0.000542716079642618
 -0.001283167372303749
 -0.001845795499063827
 -0.0005250322050513219
 -0.004059230625881017
 -0.0007916593205340996
 0.003471475408433535
 0.001337102226771256
 -0.001186885252249116
 -0.001281312118258711
 -0.002483152905131633
 0.0007309610917060578
 0.00268582523629344
 0.002594159542131404
 0.0018006965063729
 0.001833302917784724
 0.002691935166991168
 0.002387560977639479
 -0.000916985547753006
 0.0009889725711251832
 0.001562988909929202
 0.001144454004115599
 -0.000688485953568139
 0.000619568179523015
 0.003673652367184932
 0.002075439454563202
 -0.00320530177689327
 -0.003291193373773462
 -0.001158688762552295
 -0.003511849879442464
 -0.001087136314371335
 0.00313688760630826
 0.0004278922731576971
 -0.0002849814806933727
 0.0009966026517254348
 -0.001953611562760681
 -0.0006975692050557003
 0.001989545120763253
 0.002120867945010911
 0.0001214353405111462
 -0.003821594054073408
 -0.003411631677474319
 -0.003730288341078427
 -0.0004038888588330604
 0.0007530385686073351
 0.001539525651164991
 0.001316287252137561
 0.0001831267855250633
 -0.001836191640782694
 -0.001074243578643344
 0.0008430314873204086
 -0.001872892645088737
 -0.00231436539374776
 -0.001720545566110105
 -0.004624936945233267
 -5.773711580846402e-005
 0.004485760697698423
 0.00117257129225876
 0.0009553194384983704
 0.005010648279495373
 0.004303763741532192
 -0.000814515945144514
 -0.0009034599764277726
 0.00144138882797738
 0.0007074267331939165
 -0.001716996274485568
 -0.001882486661800642
 0.001251081517460757
 0.0001680152958120209
 0.0005027143986744755
 0.0006362282168201513
 0.002452251059662667
 0.003374150616956516
 0.0002673575814965507
 -0.004132951905478288
 0.003923835256970364
 0.004738452651864314
 -0.001006719499694514
 -0.00206351501219177
 -0.004646488832605607
 0.0002179323794677581
 0.003004706360247217
 0.007431122929807138
 0.005681946288074031
 0.001210371673385575
 0.0005246424405269479
 0.0001559056313393113
 -0.001776323543355608
 -0.0007636081522738821
 -0.003530674891303368
 -0.0006070690734222352
 5.898507934121713e-005
 0.0006572065638360875
 0.0006497390008838873
 -0.001404811742545251
 -0.0005883831749000842
 -0.002408211480404883
 -0.00158243161885324
 0.002670397905611585
 0.001400987575114319
 0.00637279262982184
 0.008532745818644922
 0.0003371694918187596
 -0.002063515012183885
 -0.004766342512609352
 0.0004666733069128448
 0.003892820712659501
 0.009586646709674726
 0.003631434366921106
 0.003235341811605592
 0.002639524464812891
 0.001393303566823853
 -0.001102422168270328
 -0.002652324320663853
 -0.001764380923963322
 -0.001001164908451699
 -0.001447384863605431
 -0.003810395808026858
 -0.003679596715854006
 -0.00306099162019549
 -0.002239905116604674
 0.001573104891790025
 0.002991689211767136
 0.006031901550077543
 0.006424008405942013
 0.003688765833411213
 0.008182065874962636
 0.002319018696013846
 -0.002063515012188956
 -0.004509398474595853
 0.000770777233480009
 0.004915693972706191
 0.008334478856992353
 0.002028968324116156
 9.33801109196509e-005
 0.001608545453880965
 0.001902108061258433
 -0.003673136323761228
 -0.005924027929076395
 -0.00529216927738478
 -0.004272358508456644
 -0.009088138869884084
 -0.008035722085348624
 -0.005159478199381918
 -0.001621546352759422
 0.001185226225792968
 0.001957048562769781
 0.002846611425159642
 0.0006424733865365256
 0.004440557133277586
 0.001878807305977685
 0.006332833416896687
 0.00353395093544222
 -0.002063515012188304
 -0.004168116401184277
 0.0004670377819269712
 0.004740278062390546
 0.00693019070516403
 0.001315440793680683
 0.001400607939190683
 -0.001932380589599279
 -0.002444237836484624
 -0.0003537305790600014
 0.001154637594901822
 -0.008633858005288084
 -0.007945871518168642
 -0.004223037092520501
 -0.006684606735802478
 -0.005322127847716221
 -0.001013077753696428
 0.0007960262874506066
 0.002200371515954764
 0.002246049436329276
 -0.001425714757957055
 0.002128349265694334
 0.002631303316311788
 0.004050848933743565
 0.002897834346477485
 -0.002063515012159892
 -0.004465954429004016
 -0.000781145722107907
 0.004229563758078988
 0.002790111854589893
 -0.000420369162913488
 -0.005110454452502317
 -0.001943907076937063
 0.004230823161040741
 0.002059282779815782
 -0.0001359477083476227
 -0.003191949933707197
 -0.009851175159833378
 -0.005939860631765407
 -0.001182959251581665
 -0.001269084991470479
 -0.003125886501450164
 0.0002887814172610062
 0.001463158334354863
 0.0009874683011555391
